  0.000000000000000E+000
  0.000000000000000E+000
  0.000000000000000E+000
  0.000000000000000E+000
  0.000000000000000E+000
  0.000000000000000E+000
  0.000000000000000E+000
  0.000000000000000E+000
  0.000000000000000E+000
  0.000000000000000E+000
  0.000000000000000E+000
  0.000000000000000E+000
  0.000000000000000E+000
  0.000000000000000E+000
  0.000000000000000E+000
  0.000000000000000E+000
  0.000000000000000E+000
  0.000000000000000E+000
  0.000000000000000E+000
  0.000000000000000E+000
  0.000000000000000E+000
  0.000000000000000E+000
  0.000000000000000E+000
  0.000000000000000E+000
  0.000000000000000E+000
  0.000000000000000E+000
  0.000000000000000E+000
  0.000000000000000E+000
  0.000000000000000E+000
  0.000000000000000E+000
  0.000000000000000E+000
  0.000000000000000E+000
  0.000000000000000E+000
  0.000000000000000E+000
  0.000000000000000E+000
  0.000000000000000E+000
  0.000000000000000E+000
  0.000000000000000E+000
  0.000000000000000E+000
  0.000000000000000E+000
  0.000000000000000E+000
  0.000000000000000E+000
  0.000000000000000E+000
  0.000000000000000E+000
  0.000000000000000E+000
  0.000000000000000E+000
  0.000000000000000E+000
  0.000000000000000E+000
  0.000000000000000E+000
  0.000000000000000E+000
  0.000000000000000E+000
  0.000000000000000E+000
  0.000000000000000E+000
  0.000000000000000E+000
  0.000000000000000E+000
  0.000000000000000E+000
  0.000000000000000E+000
  0.000000000000000E+000
  0.000000000000000E+000
  0.000000000000000E+000
  0.000000000000000E+000
  0.000000000000000E+000
  0.000000000000000E+000
  0.000000000000000E+000
  0.000000000000000E+000
  0.000000000000000E+000
  0.000000000000000E+000
  0.000000000000000E+000
  0.000000000000000E+000
  0.000000000000000E+000
  0.000000000000000E+000
  0.000000000000000E+000
  0.000000000000000E+000
  0.000000000000000E+000
  0.000000000000000E+000
  0.000000000000000E+000
  0.000000000000000E+000
  0.000000000000000E+000
  0.000000000000000E+000
  0.000000000000000E+000
  0.000000000000000E+000
  0.000000000000000E+000
  0.000000000000000E+000
  0.000000000000000E+000
  0.000000000000000E+000
  0.000000000000000E+000
  0.000000000000000E+000
  0.000000000000000E+000
  0.000000000000000E+000
  0.000000000000000E+000
  0.000000000000000E+000
  0.000000000000000E+000
  0.000000000000000E+000
  0.000000000000000E+000
  0.000000000000000E+000
  0.000000000000000E+000
  0.000000000000000E+000
  0.000000000000000E+000
  0.000000000000000E+000
  0.000000000000000E+000
  0.000000000000000E+000
  0.000000000000000E+000
  0.000000000000000E+000
  0.000000000000000E+000
  0.000000000000000E+000
  0.000000000000000E+000
  0.000000000000000E+000
  0.000000000000000E+000
  0.000000000000000E+000
  0.000000000000000E+000
  0.000000000000000E+000
  0.000000000000000E+000
  0.000000000000000E+000
  0.000000000000000E+000
  0.000000000000000E+000
  0.000000000000000E+000
  0.000000000000000E+000
  0.000000000000000E+000
  0.000000000000000E+000
  0.000000000000000E+000
  0.000000000000000E+000
  0.000000000000000E+000
  0.000000000000000E+000
  0.000000000000000E+000
  0.000000000000000E+000
  0.000000000000000E+000
  0.000000000000000E+000
  0.000000000000000E+000
  0.000000000000000E+000
  0.000000000000000E+000
  0.000000000000000E+000
  0.000000000000000E+000
  0.000000000000000E+000
  0.000000000000000E+000
  0.000000000000000E+000
  0.000000000000000E+000
  0.000000000000000E+000
  0.000000000000000E+000
  0.000000000000000E+000
  0.000000000000000E+000
  0.000000000000000E+000
  0.000000000000000E+000
  0.000000000000000E+000
  0.000000000000000E+000
  0.000000000000000E+000
  0.000000000000000E+000
  0.000000000000000E+000
  0.000000000000000E+000
  0.000000000000000E+000
  0.000000000000000E+000
  0.000000000000000E+000
  0.000000000000000E+000
  0.000000000000000E+000
  0.000000000000000E+000
  0.000000000000000E+000
  0.000000000000000E+000
  0.000000000000000E+000
  0.000000000000000E+000
  0.000000000000000E+000
  0.000000000000000E+000
  0.000000000000000E+000
  0.000000000000000E+000
  0.000000000000000E+000
  0.000000000000000E+000
  0.000000000000000E+000
  0.000000000000000E+000
  0.000000000000000E+000
  0.000000000000000E+000
  0.000000000000000E+000
  0.000000000000000E+000
  0.000000000000000E+000
  0.000000000000000E+000
  0.000000000000000E+000
  0.000000000000000E+000
  0.000000000000000E+000
  0.000000000000000E+000
  0.000000000000000E+000
  0.000000000000000E+000
  0.000000000000000E+000
  0.000000000000000E+000
  0.000000000000000E+000
  0.000000000000000E+000
  0.000000000000000E+000
  0.000000000000000E+000
  0.000000000000000E+000
  0.000000000000000E+000
  0.000000000000000E+000
  0.000000000000000E+000
  0.000000000000000E+000
  0.000000000000000E+000
  0.000000000000000E+000
  0.000000000000000E+000
  0.000000000000000E+000
  0.000000000000000E+000
  0.000000000000000E+000
  0.000000000000000E+000
  0.000000000000000E+000
  0.000000000000000E+000
  0.000000000000000E+000
  0.000000000000000E+000
  0.000000000000000E+000
  0.000000000000000E+000
  0.000000000000000E+000
  0.000000000000000E+000
  0.000000000000000E+000
  0.000000000000000E+000
  0.000000000000000E+000
  0.000000000000000E+000
  0.000000000000000E+000
  0.000000000000000E+000
  0.000000000000000E+000
  0.000000000000000E+000
  0.000000000000000E+000
  0.000000000000000E+000
  0.000000000000000E+000
  0.000000000000000E+000
 -2.822598576798044E-010
 -1.334873150949395E-011
 -1.671719083028292E-011
 -2.101756147569879E-009
 -1.181493157242815E-010
 -1.240912919068152E-010
 -1.334873150949395E-011
  1.408693443619038E-010
 -4.795517493039292E-013
 -1.181321274949678E-010
  1.048482708130711E-009
 -4.268046203344773E-012
 -1.671719083028292E-011
 -4.795517493039292E-013
  1.412999278552902E-010
 -1.240839555133689E-010
 -4.268446864348015E-012
  1.052767212880397E-009
 -2.101756147569879E-009
 -1.181321274949678E-010
 -1.240839555133689E-010
 -2.348896219269020E-008
 -1.320463789971515E-009
 -1.386912935589629E-009
 -1.181493157242815E-010
  1.048482708130711E-009
 -4.268446864348016E-012
 -1.320463789971515E-009
  1.172053081595616E-008
 -4.770692687904122E-011
 -1.240912919068152E-010
 -4.268046203344773E-012
  1.052767212880397E-009
 -1.386912935589629E-009
 -4.770692687904122E-011
  1.176843137673403E-008
 -1.335084221583209E-011
  1.408692952811661E-010
 -4.796241413293941E-013
 -1.181493157242815E-010
  1.048734924265191E-009
 -4.268421209958990E-012
  1.408692952811661E-010
  1.002152469162956E-011
  4.162344551169127E-012
  1.048482708130711E-009
  8.867723642743357E-011
  3.087695377822100E-011
 -4.796241413293941E-013
  4.162344551169127E-012
  3.325568699353877E-012
 -4.268446864348017E-012
  3.088442193406474E-011
  2.945112941616651E-011
 -1.181493157242815E-010
  1.048482708130711E-009
 -4.268446864348017E-012
 -1.320463789971515E-009
  1.172053081595616E-008
 -4.770692687904122E-011
  1.048734924265191E-009
  8.867723642743357E-011
  3.088442193406474E-011
  1.172053081595616E-008
  9.912422673062371E-010
  3.451599939603946E-010
 -4.268421209958990E-012
  3.087695377822100E-011
  2.945112941616651E-011
 -4.770692687904122E-011
  3.451599939603946E-010
  3.292215226652774E-010
 -1.671714128368768E-011
 -4.795516852082345E-013
  1.412999347982783E-010
 -1.240912919068152E-010
 -4.268421209958990E-012
  1.053021223304687E-009
 -4.795516852082345E-013
  4.162338623819371E-012
  3.325268085235690E-012
 -4.268046203344773E-012
  3.087695377822100E-011
  2.945489106753430E-011
  1.412999347982783E-010
  3.325268085235690E-012
  1.255215349631979E-011
  1.052767212880397E-009
  2.945112941616652E-011
  9.319953357930416E-011
 -1.240912919068152E-010
 -4.268046203344773E-012
  1.052767212880397E-009
 -1.386912935589629E-009
 -4.770692687904122E-011
  1.176843137673404E-008
 -4.268421209958990E-012
  3.087695377822100E-011
  2.945112941616652E-011
