 -8.723958781584647E-011
  1.530105547277368E-014
 -1.307956662218406E-012
  5.011886921322995E-010
 -1.619915856305655E-007
  4.018146691405260E-009
  1.530105547274081E-014
 -1.436688072955546E-011
  1.156937331093121E-014
  1.694989802343732E-011
 -1.372585625671962E-009
  3.515929893017833E-011
 -1.307956662218408E-012
  1.156937331093031E-014
 -1.448082326282344E-011
  1.906856505913251E-011
 -4.009820985384074E-009
  1.007873831248950E-010
  5.011886921322811E-010
  1.694989802344520E-011
  1.906856505913273E-011
 -1.116198945023578E-005
  1.613706500713035E-007
 -3.589351865158423E-009
 -1.619915856305653E-007
 -1.372585625671951E-009
 -4.009820985384072E-009
  1.613706500713019E-007
 -2.125312764307007E-004
  4.988760815387893E-006
  4.018146691405261E-009
  3.515929893017827E-011
  1.007873831248957E-010
 -3.589351865159167E-009
  4.988760815387893E-006
 -1.133099965280072E-005
  1.530105547276986E-014
 -1.436688072955547E-011
  1.156937331093110E-014
  1.694989802343954E-011
 -1.372585625671972E-009
  3.515929893017863E-011
 -1.436688072955546E-011
 -6.369542759149640E-013
 -4.257828920515116E-013
 -3.305135679421084E-010
 -1.337657145714060E-008
  3.305425879929099E-010
  1.156937331093128E-014
 -4.257828920515121E-013
 -2.115990389064791E-013
  4.918952115541873E-013
 -3.611940301362527E-011
  8.567415934806239E-013
  1.694989802344000E-011
 -3.305135679421096E-010
  4.918952115541391E-013
 -1.651375306591785E-007
  6.724520402915885E-009
 -2.197478310458430E-010
 -1.372585625671969E-009
 -1.337657145714060E-008
 -3.611940301362484E-011
  6.724520402917973E-009
 -2.370306237768544E-006
  5.568231871112401E-008
  3.515929893017818E-011
  3.305425879929099E-010
  8.567415934806708E-013
 -2.197478310457529E-010
  5.568231871112376E-008
 -1.657856725463711E-007
 -1.307956662218428E-012
  1.156937331093137E-014
 -1.448082326282343E-011
  1.906856505913400E-011
 -4.009820985384077E-009
  1.007873831248949E-010
  1.156937331093116E-014
 -4.257828920515115E-013
 -2.115990389064792E-013
  4.918952115542076E-013
 -3.611940301362529E-011
  8.567415934805823E-013
 -1.448082326282344E-011
 -2.115990389064772E-013
 -1.286887179615628E-012
 -3.291979367607474E-010
 -1.355365662836269E-008
  3.351465721881586E-010
  1.906856505913313E-011
  4.918952115542238E-013
 -3.291979367607482E-010
 -3.308278199632746E-007
 -3.820118241932598E-010
 -6.226302009577445E-011
 -4.009820985384077E-009
 -3.611940301362520E-011
 -1.355365662836269E-008
 -3.820118241932209E-010
 -5.931607999394568E-006
  1.400476210042224E-007
  1.007873831248952E-010
  8.567415934806709E-013
  3.351465721881587E-010
 -6.226302009569144E-011
  1.400476210042230E-007
 -3.358003493250732E-007
  5.011886921322438E-010
  1.694989802344699E-011
  1.906856505913292E-011
 -1.116198945023577E-005
  1.613706500711908E-007
 -3.589351865158805E-009
  1.694989802344542E-011
 -3.305135679421093E-010
  4.918952115543165E-013
 -1.651375306591788E-007
  6.724520402920853E-009
 -2.197478310459482E-010
  1.906856505913268E-011
  4.918952115542284E-013
 -3.291979367607485E-010
 -3.308278199632748E-007
 -3.820118241926531E-010
 -6.226302009574604E-011
 -1.116198945023576E-005
 -1.651375306591774E-007
 -3.308278199632747E-007
 -7.747350510690317E-004
 -1.041815649236708E-002
  2.574590732166782E-004
  1.613706500712260E-007
  6.724520402920673E-009
 -3.820118241933053E-010
 -1.041815649236708E-002
  1.811194867282231E-004
 -1.045933701620299E-005
 -3.589351865158911E-009
 -2.197478310459171E-010
 -6.226302009571603E-011
  2.574590732166780E-004
 -1.045933701620328E-005
 -2.575326728537656E-004
 -1.619915856305656E-007
 -1.372585625671947E-009
 -4.009820985384072E-009
  1.613706500713131E-007
 -2.125312764307007E-004
  4.988760815387895E-006
 -1.372585625671965E-009
 -1.337657145714060E-008
 -3.611940301362531E-011
  6.724520402916182E-009
 -2.370306237768583E-006
  5.568231871112369E-008
 -4.009820985384077E-009
 -3.611940301362501E-011
 -1.355365662836269E-008
 -3.820118241934186E-010
 -5.931607999394572E-006
  1.400476210042237E-007
  1.613706500711898E-007
  6.724520402921074E-009
 -3.820118241930936E-010
 -1.041815649236708E-002
  1.811194867282451E-004
 -1.045933701620271E-005
 -2.125312764307007E-004
 -2.370306237768545E-006
 -5.931607999394573E-006
  1.811194867282528E-004
 -0.242780744877577     
  5.495105699429091E-003
  4.988760815387895E-006
  5.568231871112395E-008
  1.400476210042231E-007
 -1.045933701620261E-005
  5.495105699429091E-003
 -1.058670270499259E-002
  4.018146691405261E-009
  3.515929893017823E-011
  1.007873831248937E-010
 -3.589351865159213E-009
  4.988760815387888E-006
 -1.133099965280071E-005
  3.515929893017784E-011
  3.305425879929099E-010
  8.567415934804828E-013
 -2.197478310457554E-010
  5.568231871112412E-008
 -1.657856725463719E-007
  1.007873831248946E-010
  8.567415934807360E-013
  3.351465721881585E-010
 -6.226302009562574E-011
  1.400476210042227E-007
 -3.358003493250731E-007
 -3.589351865158456E-009
 -2.197478310459164E-010
 -6.226302009585117E-011
  2.574590732166781E-004
 -1.045933701620331E-005
 -2.575326728537656E-004
  4.988760815387885E-006
  5.568231871112374E-008
  1.400476210042223E-007
 -1.045933701620297E-005
  5.495105699429089E-003
 -1.058670270499259E-002
 -1.133099965280071E-005
 -1.657856725463707E-007
 -3.358003493250731E-007
 -2.575326728537655E-004
 -1.058670270499259E-002
  7.785661928939936E-004
  3.805778834507785E-010
 -8.705176364654058E-012
  1.138668340329196E-011
 -4.204876721505530E-009
  3.411715223858278E-007
 -8.484360687261056E-009
 -8.705176364654033E-012
 -2.420307612987459E-012
 -2.564154746590281E-013
  1.007558452049392E-010
 -8.310581844107987E-009
  2.041307000937035E-010
  1.138668340329195E-011
 -2.564154746590275E-013
 -1.739871003276123E-012
 -1.249641025687769E-010
  1.022042549913007E-008
 -2.610121192893718E-010
 -4.204876721505601E-009
  1.007558452049305E-010
 -1.249641025687769E-010
 -2.964541454911155E-006
 -3.804090174961024E-006
  9.443837806871868E-008
  3.411715223858278E-007
 -8.310581844107958E-009
  1.022042549913006E-008
 -3.804090174961019E-006
  3.040716426461505E-004
 -7.662038658042412E-006
 -8.484360687261057E-009
  2.041307000937034E-010
 -2.610121192893734E-010
  9.443837806871887E-008
 -7.662038658042412E-006
 -2.817388212004586E-006
 -8.705176364654072E-012
 -2.420307612987448E-012
 -2.564154746590281E-013
  1.007558452049368E-010
 -8.310581844107948E-009
  2.041307000937031E-010
 -2.420307612987461E-012
 -7.925903009502165E-014
 -7.109704167552376E-014
  4.471404645908737E-011
 -4.413308175802314E-009
  9.656857356929379E-011
 -2.564154746590286E-013
 -7.109704167552294E-014
 -3.146969765622438E-014
  2.905057545319379E-012
 -2.456529713941843E-010
  6.973926881912589E-012
  1.007558452049328E-010
  4.471404645908889E-011
  2.905057545319331E-012
 -4.015810856930196E-008
  9.608765169346643E-008
 -2.274555101002469E-009
 -8.310581844107953E-009
 -4.413308175802317E-009
 -2.456529713941845E-010
  9.608765169346364E-008
 -8.014317036703400E-006
  1.954164351880528E-007
  2.041307000937033E-010
  9.656857356929334E-011
  6.973926881912430E-012
 -2.274555101002655E-009
  1.954164351880529E-007
 -4.376827689977151E-008
  1.138668340329195E-011
 -2.564154746590284E-013
 -1.739871003276135E-012
 -1.249641025687788E-010
  1.022042549913005E-008
 -2.610121192893712E-010
 -2.564154746590280E-013
 -7.109704167552433E-014
 -3.146969765622312E-014
  2.905057545319379E-012
 -2.456529713941847E-010
  6.973926881912404E-012
 -1.739871003276122E-012
 -3.146969765622573E-014
 -1.728356751434584E-013
  3.718078467377782E-011
 -3.799078246394811E-009
  8.072406862119221E-011
 -1.249641025687796E-010
  2.905057545319404E-012
  3.718078467377955E-011
 -8.760947079590230E-008
 -1.118920701687247E-007
  3.963792377696558E-009
  1.022042549913005E-008
 -2.456529713941837E-010
 -3.799078246394805E-009
 -1.118920701687248E-007
  9.001231049097168E-006
 -2.335151395747306E-007
 -2.610121192893720E-010
  6.973926881912819E-012
  8.072406862119221E-011
  3.963792377696775E-009
 -2.335151395747317E-007
 -8.270773969567533E-008
 -4.204876721505643E-009
  1.007558452049260E-010
 -1.249641025687796E-010
 -2.964541454911160E-006
 -3.804090174961018E-006
  9.443837806872101E-008
  1.007558452049322E-010
  4.471404645908732E-011
  2.905057545319217E-012
 -4.015810856930317E-008
  9.608765169346569E-008
 -2.274555101002389E-009
 -1.249641025687794E-010
  2.905057545319381E-012
  3.718078467377915E-011
 -8.760947079590237E-008
 -1.118920701687254E-007
  3.963792377696220E-009
 -2.964541454911170E-006
 -4.015810856930081E-008
 -8.760947079590246E-008
  9.523271662128912E-005
 -3.156793048042216E-003
  6.821598533073069E-005
 -3.804090174961079E-006
  9.608765169346251E-008
 -1.118920701687252E-007
 -3.156793048042219E-003
 -3.477100877315644E-003
  8.707055208739034E-005
  9.443837806872098E-008
 -2.274555101002486E-009
  3.963792377696191E-009
  6.821598533073123E-005
  8.707055208739111E-005
  2.967833731897629E-005
  3.411715223858282E-007
 -8.310581844107939E-009
  1.022042549913006E-008
 -3.804090174961018E-006
  3.040716426461505E-004
 -7.662038658042413E-006
 -8.310581844107925E-009
 -4.413308175802324E-009
 -2.456529713941839E-010
  9.608765169346587E-008
 -8.014317036703275E-006
  1.954164351880526E-007
  1.022042549913004E-008
 -2.456529713941840E-010
 -3.799078246394811E-009
 -1.118920701687249E-007
  9.001231049097170E-006
 -2.335151395747340E-007
 -3.804090174961017E-006
  9.608765169346416E-008
 -1.118920701687250E-007
 -3.156793048042211E-003
 -3.477100877315667E-003
  8.707055208739096E-005
  3.040716426461508E-004
 -8.014317036703341E-006
  9.001231049097171E-006
 -3.477100877315689E-003
  0.273541352340699     
 -6.996201437442701E-003
 -7.662038658042413E-006
  1.954164351880525E-007
 -2.335151395747325E-007
  8.707055208739002E-005
 -6.996201437442706E-003
 -3.018599635318185E-003
 -8.484360687261056E-009
  2.041307000937034E-010
 -2.610121192893698E-010
  9.443837806871953E-008
 -7.662038658042405E-006
 -2.817388212004589E-006
  2.041307000937031E-010
  9.656857356929378E-011
  6.973926881912449E-012
 -2.274555101002552E-009
  1.954164351880529E-007
 -4.376827689976950E-008
 -2.610121192893714E-010
  6.973926881912797E-012
  8.072406862119213E-011
  3.963792377696417E-009
 -2.335151395747311E-007
 -8.270773969567575E-008
  9.443837806872090E-008
 -2.274555101002489E-009
  3.963792377696771E-009
  6.821598533073079E-005
  8.707055208739077E-005
  2.967833731897541E-005
 -7.662038658042408E-006
  1.954164351880525E-007
 -2.335151395747301E-007
  8.707055208739071E-005
 -6.996201437442701E-003
 -3.018599635318191E-003
 -2.817388212004585E-006
 -4.376827689977185E-008
 -8.270773969567558E-008
  2.967833731897581E-005
 -3.018599635318188E-003
  2.028375753420697E-004
 -1.068623884614159E-011
 -1.253901937346600E-013
 -1.478668798018111E-011
  1.722638863012564E-010
 -1.249079059415962E-008
 -1.832593447194702E-009
 -1.253901937346609E-013
 -3.793059808117178E-013
 -2.161858475980899E-013
  3.368006825699418E-012
 -1.592080507621526E-010
 -2.750215487629597E-011
 -1.478668798018110E-011
 -2.161858475980900E-013
 -1.248996497901942E-012
  1.723192965164541E-010
 -1.383467368650529E-008
  2.940284316405769E-010
  1.722638863012578E-010
  3.368006825699877E-012
  1.723192965164541E-010
 -2.618815695725801E-007
  1.819153664964567E-007
  2.562917028741980E-008
 -1.249079059415962E-008
 -1.592080507621525E-010
 -1.383467368650530E-008
  1.819153664964565E-007
 -1.360425289793758E-005
 -2.594562797495881E-006
 -1.832593447194702E-009
 -2.750215487629630E-011
  2.940284316405770E-010
  2.562917028741978E-008
 -2.594562797495884E-006
 -1.249751348561945E-007
 -1.253901937346602E-013
 -3.793059808117179E-013
 -2.161858475980900E-013
  3.368006825699517E-012
 -1.592080507621540E-010
 -2.750215487629636E-011
 -3.793059808117176E-013
 -1.610188282047110E-014
  1.109182288942013E-015
  4.008956389341184E-012
 -3.118013012334429E-010
 -4.869223142263085E-010
 -2.161858475980899E-013
  1.109182288941959E-015
 -1.799557363921018E-014
  2.472957707379560E-012
 -2.025913585508820E-010
  3.969132348074064E-012
  3.368006825699660E-012
  4.008956389341087E-012
  2.472957707379560E-012
 -3.771682239505775E-009
  3.558160597080038E-009
  1.593669170619268E-009
 -1.592080507621535E-010
 -3.118013012334428E-010
 -2.025913585508820E-010
  3.558160597080152E-009
 -1.811070384894058E-007
 -4.537081938841608E-008
 -2.750215487629630E-011
 -4.869223142263083E-010
  3.969132348074073E-012
  1.593669170619253E-009
 -4.537081938841608E-008
 -1.219868531495141E-009
 -1.478668798018110E-011
 -2.161858475980899E-013
 -1.248996497901941E-012
  1.723192965164543E-010
 -1.383467368650530E-008
  2.940284316405766E-010
 -2.161858475980899E-013
  1.109182288942010E-015
 -1.799557363921021E-014
  2.472957707379539E-012
 -2.025913585508818E-010
  3.969132348074071E-012
 -1.248996497901941E-012
 -1.799557363921005E-014
 -2.542411919266215E-014
  1.421602192119450E-011
 -1.121472229606292E-009
 -4.716984094813156E-010
  1.723192965164547E-010
  2.472957707379473E-012
  1.421602192119445E-011
  2.387770171881443E-009
  1.613997419091598E-007
 -3.193648024967133E-009
 -1.383467368650530E-008
 -2.025913585508821E-010
 -1.121472229606293E-009
  1.613997419091599E-007
 -1.294448237677468E-005
  2.341652096846400E-007
  2.940284316405766E-010
  3.969132348074055E-012
 -4.716984094813157E-010
 -3.193648024967129E-009
  2.341652096846400E-007
  8.306075437178535E-010
  1.722638863012574E-010
  3.368006825699996E-012
  1.723192965164546E-010
 -2.618815695725803E-007
  1.819153664964533E-007
  2.562917028741821E-008
  3.368006825699901E-012
  4.008956389341153E-012
  2.472957707379494E-012
 -3.771682239505758E-009
  3.558160597080256E-009
  1.593669170619381E-009
  1.723192965164546E-010
  2.472957707379472E-012
  1.421602192119445E-011
  2.387770171881443E-009
  1.613997419091600E-007
 -3.193648024967122E-009
 -2.618815695725792E-007
 -3.771682239505782E-009
  2.387770171881443E-009
  9.408168778008158E-006
 -2.439568667736819E-004
 -3.810258417647877E-004
  1.819153664964556E-007
  3.558160597080295E-009
  1.613997419091600E-007
 -2.439568667736815E-004
  1.855931247790698E-004
  2.364756397093062E-005
  2.562917028741840E-008
  1.593669170619380E-009
 -3.193648024967122E-009
 -3.810258417647877E-004
  2.364756397093057E-005
  1.966528156110015E-006
 -1.249079059415962E-008
 -1.592080507621532E-010
 -1.383467368650530E-008
  1.819153664964564E-007
 -1.360425289793758E-005
 -2.594562797495885E-006
 -1.592080507621543E-010
 -3.118013012334423E-010
 -2.025913585508821E-010
  3.558160597080041E-009
 -1.811070384894110E-007
 -4.537081938841541E-008
 -1.383467368650530E-008
 -2.025913585508821E-010
 -1.121472229606293E-009
  1.613997419091598E-007
 -1.294448237677468E-005
  2.341652096846401E-007
  1.819153664964539E-007
  3.558160597080238E-009
  1.613997419091599E-007
 -2.439568667736819E-004
  1.855931247790708E-004
  2.364756397093062E-005
 -1.360425289793758E-005
 -1.811070384894069E-007
 -1.294448237677469E-005
  1.855931247790720E-004
 -1.421298659652328E-002
 -2.777328298069925E-003
 -2.594562797495884E-006
 -4.537081938841538E-008
  2.341652096846401E-007
  2.364756397093062E-005
 -2.777328298069924E-003
 -1.169130303232471E-004
 -1.832593447194705E-009
 -2.750215487629656E-011
  2.940284316405769E-010
  2.562917028741963E-008
 -2.594562797495885E-006
 -1.249751348561944E-007
 -2.750215487629639E-011
 -4.869223142263085E-010
  3.969132348074057E-012
  1.593669170619253E-009
 -4.537081938841616E-008
 -1.219868531495191E-009
  2.940284316405766E-010
  3.969132348074059E-012
 -4.716984094813157E-010
 -3.193648024967114E-009
  2.341652096846400E-007
  8.306075437179060E-010
  2.562917028741847E-008
  1.593669170619415E-009
 -3.193648024967132E-009
 -3.810258417647877E-004
  2.364756397093064E-005
  1.966528156110054E-006
 -2.594562797495885E-006
 -4.537081938841538E-008
  2.341652096846400E-007
  2.364756397093055E-005
 -2.777328298069924E-003
 -1.169130303232467E-004
 -1.249751348561946E-007
 -1.219868531495147E-009
  8.306075437178949E-010
  1.966528156110026E-006
 -1.169130303232468E-004
 -1.151441619772429E-003
 -5.566584651070922E-013
  4.346776518743030E-014
 -1.766332271757374E-014
  3.506146499210473E-011
 -5.107388752999352E-010
  1.391756400348780E-011
  4.346776518743022E-014
  6.232842479108947E-016
  1.270123397288175E-015
 -7.052756614334174E-014
  4.046988219529102E-011
 -9.809639846802962E-013
 -1.766332271757373E-014
  1.270123397288174E-015
 -1.360102096740157E-015
  1.055274728735016E-012
 -1.642282775354520E-011
  4.157119754029078E-013
  3.506146499210479E-011
 -7.052756614332762E-014
  1.055274728735016E-012
  1.623585904393548E-009
  3.251484246577429E-008
 -8.178446936147800E-010
 -5.107388752999347E-010
  4.046988219529098E-011
 -1.642282775354519E-011
  3.251484246577429E-008
 -4.603200598535351E-007
  1.264039214218390E-008
  1.391756400348780E-011
 -9.809639846802964E-013
  4.157119754029092E-013
 -8.178446936147810E-010
  1.264039214218390E-008
  2.009957615373660E-009
  4.346776518743029E-014
  6.232842479108715E-016
  1.270123397288175E-015
 -7.052756614333805E-014
  4.046988219529098E-011
 -9.809639846802951E-013
  6.232842479108908E-016
 -1.190963567123489E-016
 -1.104255402880122E-019
 -5.105169221921061E-014
  3.530775556942484E-012
 -8.781462068831954E-014
  1.270123397288176E-015
 -1.104255402891604E-019
 -1.342288931754649E-017
 -1.676748587884819E-015
  1.179882289727598E-012
 -3.057745532805439E-014
 -7.052756614333522E-014
 -5.105169221921293E-014
 -1.676748587884824E-015
  3.545243013615392E-013
 -6.915439978078165E-011
  1.458898183735288E-012
  4.046988219529098E-011
  3.530775556942485E-012
  1.179882289727598E-012
 -6.915439978077785E-011
  3.791709897494737E-008
 -9.191895148069533E-010
 -9.809639846802962E-013
 -8.781462068831935E-014
 -3.057745532805424E-014
  1.458898183735507E-012
 -9.191895148069537E-010
  2.675952049436134E-011
 -1.766332271757376E-014
  1.270123397288176E-015
 -1.360102096740138E-015
  1.055274728735019E-012
 -1.642282775354519E-011
  4.157119754029080E-013
  1.270123397288175E-015
 -1.104255402876085E-019
 -1.342288931754731E-017
 -1.676748587884804E-015
  1.179882289727598E-012
 -3.057745532805429E-014
 -1.360102096740160E-015
 -1.342288931754400E-017
 -1.447065054100592E-016
 -9.490068974152721E-015
  1.698891725174068E-012
 -4.315221502257898E-014
  1.055274728735020E-012
 -1.676748587884847E-015
 -9.490068974154862E-015
  3.382106495655695E-011
  9.782302914105172E-010
 -2.533919596156632E-011
 -1.642282775354519E-011
  1.179882289727597E-012
  1.698891725174063E-012
  9.782302914105174E-010
 -1.484517272773227E-008
  3.772307145910742E-010
  4.157119754029080E-013
 -3.057745532805458E-014
 -4.315221502257876E-014
 -2.533919596156644E-011
  3.772307145910749E-010
  4.578701642039689E-011
  3.506146499210485E-011
 -7.052756614332356E-014
  1.055274728735019E-012
  1.623585904393549E-009
  3.251484246577420E-008
 -8.178446936147834E-010
 -7.052756614332931E-014
 -5.105169221921161E-014
 -1.676748587884602E-015
  3.545243013621927E-013
 -6.915439978077691E-011
  1.458898183735168E-012
  1.055274728735019E-012
 -1.676748587884809E-015
 -9.490068974154796E-015
  3.382106495655673E-011
  9.782302914105188E-010
 -2.533919596156600E-011
  1.623585904393579E-009
  3.545243013614859E-013
  3.382106495655697E-011
 -1.358819251471741E-007
  2.442091831030253E-006
 -6.076356027685843E-008
  3.251484246577429E-008
 -6.915439978077644E-011
  9.782302914105176E-010
  2.442091831030261E-006
  3.017415275383725E-005
 -7.602515688214724E-007
 -8.178446936147834E-010
  1.458898183735260E-012
 -2.533919596156594E-011
 -6.076356027685908E-008
 -7.602515688214732E-007
 -3.014240416503370E-008
 -5.107388752999355E-010
  4.046988219529097E-011
 -1.642282775354519E-011
  3.251484246577431E-008
 -4.603200598535351E-007
  1.264039214218390E-008
  4.046988219529093E-011
  3.530775556942496E-012
  1.179882289727597E-012
 -6.915439978078087E-011
  3.791709897494722E-008
 -9.191895148069526E-010
 -1.642282775354519E-011
  1.179882289727597E-012
  1.698891725174068E-012
  9.782302914105172E-010
 -1.484517272773228E-008
  3.772307145910776E-010
  3.251484246577421E-008
 -6.915439978077565E-011
  9.782302914105176E-010
  2.442091831030252E-006
  3.017415275383729E-005
 -7.602515688214723E-007
 -4.603200598535351E-007
  3.791709897494728E-008
 -1.484517272773228E-008
  3.017415275383731E-005
 -4.132375369093748E-004
  1.149049831230186E-005
  1.264039214218390E-008
 -9.191895148069524E-010
  3.772307145910753E-010
 -7.602515688214715E-007
  1.149049831230186E-005
  2.806448335196206E-006
  1.391756400348780E-011
 -9.809639846802962E-013
  4.157119754029049E-013
 -8.178446936147815E-010
  1.264039214218389E-008
  2.009957615373665E-009
 -9.809639846802966E-013
 -8.781462068831968E-014
 -3.057745532805438E-014
  1.458898183735440E-012
 -9.191895148069533E-010
  2.675952049435909E-011
  4.157119754029075E-013
 -3.057745532805451E-014
 -4.315221502257888E-014
 -2.533919596156610E-011
  3.772307145910743E-010
  4.578701642039745E-011
 -8.178446936147826E-010
  1.458898183735267E-012
 -2.533919596156655E-011
 -6.076356027685860E-008
 -7.602515688214731E-007
 -3.014240416503269E-008
  1.264039214218389E-008
 -9.191895148069526E-010
  3.772307145910737E-010
 -7.602515688214725E-007
  1.149049831230186E-005
  2.806448335196214E-006
  2.009957615373665E-009
  2.675952049436191E-011
  4.578701642039734E-011
 -3.014240416503318E-008
  2.806448335196211E-006
 -2.246114155552100E-007
 -6.185282028725612E-014
  9.624275350153171E-016
 -8.409597070862215E-016
  4.081195479441208E-012
 -1.846840869885630E-010
  4.256561495464468E-012
  9.624275350153179E-016
 -1.729333251668192E-014
  1.583840316351926E-017
  2.816970309911666E-016
  1.737193706676686E-012
 -4.726555860938032E-014
 -8.409597070862346E-016
  1.583840316351929E-017
 -1.735095581489301E-014
  1.145723572722909E-013
 -5.025549293270072E-012
  1.131204015364220E-013
  4.081195479441104E-012
  2.816970309959787E-016
  1.145723572722910E-013
 -1.347755716548525E-008
  4.895548135464845E-009
 -1.165746105578278E-010
 -1.846840869885630E-010
  1.737193706676717E-012
 -5.025549293270074E-012
  4.895548135464854E-009
 -2.739588049986261E-007
  6.151750346376112E-009
  4.256561495464466E-012
 -4.726555860938031E-014
  1.131204015364214E-013
 -1.165746105578280E-010
  6.151750346376112E-009
 -1.357420147680570E-008
  9.624275350153094E-016
 -1.729333251668191E-014
  1.583840316351928E-017
  2.816970309893443E-016
  1.737193706676709E-012
 -4.726555860938041E-014
 -1.729333251668192E-014
  1.131825623213069E-015
 -5.119130408440060E-016
  1.967262308548408E-013
 -1.595851815206294E-011
  3.946964469491649E-013
  1.583840316351886E-017
 -5.119130408440059E-016
  3.789251666179047E-016
 -5.093607430646162E-017
  5.006240798794252E-014
 -1.389798874496652E-015
  2.816970309897759E-016
  1.967262308548418E-013
 -5.093607430643827E-017
  2.972115118258921E-010
 -1.398799006476789E-012
  1.490586159233032E-013
  1.737193706676697E-012
 -1.595851815206294E-011
  5.006240798794165E-014
 -1.398799006478147E-012
  2.050943752922251E-009
 -4.738009887105377E-011
 -4.726555860938021E-014
  3.946964469491648E-013
 -1.389798874496686E-015
  1.490586159232359E-013
 -4.738009887105356E-011
  2.965494484274969E-010
 -8.409597070862489E-016
  1.583840316351895E-017
 -1.735095581489302E-014
  1.145723572722905E-013
 -5.025549293270091E-012
  1.131204015364227E-013
  1.583840316351937E-017
 -5.119130408440061E-016
  3.789251666179047E-016
 -5.093607430648662E-017
  5.006240798794210E-014
 -1.389798874496615E-015
 -1.735095581489301E-014
  3.789251666179036E-016
 -1.540002965856015E-015
  1.996156014313435E-013
 -1.622139393372461E-011
  4.007848175983701E-013
  1.145723572722881E-013
 -5.093607430625721E-017
  1.996156014313438E-013
 -3.989847116571676E-010
  1.444815389741435E-010
 -3.408193758931110E-012
 -5.025549293270091E-012
  5.006240798794359E-014
 -1.622139393372460E-011
  1.444815389741435E-010
 -8.141921390506672E-009
  1.814804444080668E-010
  1.131204015364224E-013
 -1.389798874496716E-015
  4.007848175983700E-013
 -3.408193758931188E-012
  1.814804444080662E-010
 -4.016752345837474E-010
  4.081195479441016E-012
  2.816970309946660E-016
  1.145723572722883E-013
 -1.347755716548525E-008
  4.895548135464812E-009
 -1.165746105578250E-010
  2.816970309955188E-016
  1.967262308548412E-013
 -5.093607430629497E-017
  2.972115118258923E-010
 -1.398799006471406E-012
  1.490586159231796E-013
  1.145723572722884E-013
 -5.093607430624981E-017
  1.996156014313440E-013
 -3.989847116571675E-010
  1.444815389741433E-010
 -3.408193758931126E-012
 -1.347755716548525E-008
  2.972115118258915E-010
 -3.989847116571676E-010
  4.615902299047946E-007
 -1.254831071834087E-005
  3.104019299250102E-007
  4.895548135464785E-009
 -1.398799006471801E-012
  1.444815389741435E-010
 -1.254831071834087E-005
  5.394066892831514E-006
 -1.254298337524001E-007
 -1.165746105578249E-010
  1.490586159231628E-013
 -3.408193758931130E-012
  3.104019299250105E-007
 -1.254298337523999E-007
  1.556467410056650E-007
 -1.846840869885630E-010
  1.737193706676719E-012
 -5.025549293270074E-012
  4.895548135464851E-009
 -2.739588049986261E-007
  6.151750346376114E-009
  1.737193706676732E-012
 -1.595851815206294E-011
  5.006240798794355E-014
 -1.398799006476669E-012
  2.050943752922308E-009
 -4.738009887105422E-011
 -5.025549293270091E-012
  5.006240798794335E-014
 -1.622139393372461E-011
  1.444815389741436E-010
 -8.141921390506672E-009
  1.814804444080660E-010
  4.895548135464822E-009
 -1.398799006471180E-012
  1.444815389741435E-010
 -1.254831071834087E-005
  5.394066892831499E-006
 -1.254298337524000E-007
 -2.739588049986261E-007
  2.050943752922317E-009
 -8.141921390506676E-009
  5.394066892831494E-006
 -3.349838375499493E-004
  7.393264081662625E-006
  6.151750346376114E-009
 -4.738009887105420E-011
  1.814804444080661E-010
 -1.254298337524007E-007
  7.393264081662624E-006
 -1.266352158879618E-005
  4.256561495464468E-012
 -4.726555860938022E-014
  1.131204015364225E-013
 -1.165746105578278E-010
  6.151750346376123E-009
 -1.357420147680570E-008
 -4.726555860937992E-014
  3.946964469491649E-013
 -1.389798874496555E-015
  1.490586159232496E-013
 -4.738009887105359E-011
  2.965494484274973E-010
  1.131204015364229E-013
 -1.389798874496749E-015
  4.007848175983702E-013
 -3.408193758931225E-012
  1.814804444080665E-010
 -4.016752345837476E-010
 -1.165746105578256E-010
  1.490586159231672E-013
 -3.408193758931074E-012
  3.104019299250104E-007
 -1.254298337524004E-007
  1.556467410056650E-007
  6.151750346376119E-009
 -4.738009887105425E-011
  1.814804444080670E-010
 -1.254298337524007E-007
  7.393264081662625E-006
 -1.266352158879619E-005
 -1.357420147680570E-008
  2.965494484274966E-010
 -4.016752345837476E-010
  1.556467410056650E-007
 -1.266352158879619E-005
  9.311843220510034E-007
 -1.526360250213543E-014
  1.258687403112089E-015
 -1.407733913344949E-015
  1.384966620321348E-012
 -1.141282779337328E-011
 -1.418270985973561E-011
  1.258687403112088E-015
  4.226493490863580E-016
 -1.974291359856298E-017
  2.725855373641303E-015
  1.215015065826692E-012
 -2.454965740542155E-013
 -1.407733913344952E-015
 -1.974291359856297E-017
  2.771754384133707E-016
 -1.311106456945205E-014
  1.748130553615424E-012
 -4.735246462260280E-013
  1.384966620321354E-012
  2.725855373641754E-015
 -1.311106456945201E-014
  3.554451870269277E-010
  1.261461695718981E-009
  1.336029472722657E-010
 -1.141282779337328E-011
  1.215015065826691E-012
  1.748130553615427E-012
  1.261461695718981E-009
 -7.994395473749641E-009
 -1.324983535996252E-008
 -1.418270985973560E-011
 -2.454965740542156E-013
 -4.735246462260280E-013
  1.336029472722656E-010
 -1.324983535996253E-008
  1.046341150139348E-009
  1.258687403112089E-015
  4.226493490863574E-016
 -1.974291359856308E-017
  2.725855373641524E-015
  1.215015065826691E-012
 -2.454965740542158E-013
  4.226493490863580E-016
  1.485548169017725E-017
  6.462001761398474E-016
 -6.805076794522003E-015
  4.983045626529646E-013
 -8.584548234378104E-016
 -1.974291359856308E-017
  6.462001761398473E-016
  2.660606644443753E-018
 -1.920598538644200E-015
  3.544784688095718E-014
 -7.434660659459272E-015
  2.725855373641650E-015
 -6.805076794522132E-015
 -1.920598538644196E-015
  4.623018182945084E-012
  1.927493141981910E-012
  2.419353005786575E-012
  1.215015065826691E-012
  4.983045626529647E-013
  3.544784688095720E-014
  1.927493141982164E-012
  1.175457547399778E-009
 -2.287810661222121E-010
 -2.454965740542156E-013
 -8.584548234377709E-016
 -7.434660659459256E-015
  2.419353005786594E-012
 -2.287810661222121E-010
  1.560072884395662E-011
 -1.407733913344952E-015
 -1.974291359856267E-017
  2.771754384133716E-016
 -1.311106456945208E-014
  1.748130553615429E-012
 -4.735246462260281E-013
 -1.974291359856308E-017
  6.462001761398473E-016
  2.660606644443720E-018
 -1.920598538644244E-015
  3.544784688095722E-014
 -7.434660659459263E-015
  2.771754384133716E-016
  2.660606644443970E-018
  1.947994698396609E-015
 -8.335937775627278E-015
  5.771864842360615E-013
 -1.237625276432941E-014
 -1.311106456945148E-014
 -1.920598538644461E-015
 -8.335937775627371E-015
  5.071063110190086E-010
 -3.394124335364035E-011
  5.593027400264661E-012
  1.748130553615427E-012
  3.544784688095633E-014
  5.771864842360615E-013
 -3.394124335364026E-011
  3.883624291701129E-009
 -4.833745256088984E-010
 -4.735246462260282E-013
 -7.434660659459278E-015
 -1.237625276432932E-014
  5.593027400264682E-012
 -4.833745256088984E-010
  5.311840805021824E-010
  1.384966620321358E-012
  2.725855373641919E-015
 -1.311106456945138E-014
  3.554451870269279E-010
  1.261461695718979E-009
  1.336029472722653E-010
  2.725855373641766E-015
 -6.805076794522077E-015
 -1.920598538644435E-015
  4.623018182945081E-012
  1.927493141981913E-012
  2.419353005786622E-012
 -1.311106456945144E-014
 -1.920598538644454E-015
 -8.335937775627371E-015
  5.071063110190086E-010
 -3.394124335364040E-011
  5.593027400264670E-012
  3.554451870269284E-010
  4.623018182945090E-012
  5.071063110190086E-010
 -1.626917679736273E-008
  3.727029943307134E-007
  3.765358408032401E-010
  1.261461695718983E-009
  1.927493141981971E-012
 -3.394124335364028E-011
  3.727029943307135E-007
  1.152796046410535E-006
  1.248712358774953E-007
  1.336029472722652E-010
  2.419353005786660E-012
  5.593027400264670E-012
  3.765358408032137E-010
  1.248712358774952E-007
 -1.242939262582508E-008
 -1.141282779337330E-011
  1.215015065826691E-012
  1.748130553615427E-012
  1.261461695718982E-009
 -7.994395473749641E-009
 -1.324983535996253E-008
  1.215015065826689E-012
  4.983045626529651E-013
  3.544784688095631E-014
  1.927493141981918E-012
  1.175457547399771E-009
 -2.287810661222119E-010
  1.748130553615431E-012
  3.544784688095622E-014
  5.771864842360616E-013
 -3.394124335364035E-011
  3.883624291701124E-009
 -4.833745256088982E-010
  1.261461695718980E-009
  1.927493141981972E-012
 -3.394124335363989E-011
  3.727029943307132E-007
  1.152796046410536E-006
  1.248712358774953E-007
 -7.994395473749644E-009
  1.175457547399773E-009
  3.883624291701127E-009
  1.152796046410537E-006
 -5.208205284119967E-006
 -1.238470761187354E-005
 -1.324983535996253E-008
 -2.287810661222119E-010
 -4.833745256088982E-010
  1.248712358774953E-007
 -1.238470761187354E-005
  1.017446205435729E-006
 -1.418270985973560E-011
 -2.454965740542156E-013
 -4.735246462260281E-013
  1.336029472722657E-010
 -1.324983535996253E-008
  1.046341150139348E-009
 -2.454965740542157E-013
 -8.584548234378119E-016
 -7.434660659459269E-015
  2.419353005786577E-012
 -2.287810661222122E-010
  1.560072884395658E-011
 -4.735246462260282E-013
 -7.434660659459272E-015
 -1.237625276432933E-014
  5.593027400264705E-012
 -4.833745256088984E-010
  5.311840805021824E-010
  1.336029472722652E-010
  2.419353005786697E-012
  5.593027400264683E-012
  3.765358408032401E-010
  1.248712358774953E-007
 -1.242939262582505E-008
 -1.324983535996252E-008
 -2.287810661222119E-010
 -4.833745256088985E-010
  1.248712358774952E-007
 -1.238470761187354E-005
  1.017446205435730E-006
  1.046341150139348E-009
  1.560072884395664E-011
  5.311840805021825E-010
 -1.242939262582508E-008
  1.017446205435729E-006
 -1.830367089624892E-008
