   1.00000000000000     
  0.000000000000000E+000
  0.000000000000000E+000
  0.000000000000000E+000
  0.000000000000000E+000
  0.000000000000000E+000
  0.000000000000000E+000
   1.00000000000000     
  0.000000000000000E+000
  0.000000000000000E+000
  0.000000000000000E+000
  0.000000000000000E+000
  0.000000000000000E+000
  0.000000000000000E+000
   1.00000000000000     
  0.000000000000000E+000
  0.000000000000000E+000
  0.000000000000000E+000
  0.000000000000000E+000
  0.000000000000000E+000
  0.000000000000000E+000
   1.00000000000000     
  0.000000000000000E+000
  0.000000000000000E+000
  0.000000000000000E+000
  0.000000000000000E+000
  0.000000000000000E+000
  0.000000000000000E+000
   1.00000000000000     
  0.000000000000000E+000
  0.000000000000000E+000
  0.000000000000000E+000
  0.000000000000000E+000
  0.000000000000000E+000
  0.000000000000000E+000
   1.00000000000000     
   1.00063856643511     
  2.266219251786770E-005
  2.818854253169260E-005
   22.3600898173640     
  2.006274734404392E-004
  2.092246471399018E-004
  2.266423930967975E-005
  0.999681091255906     
  6.637179372696629E-007
  2.006274734404392E-004
   22.3529582079031     
  5.868628886714523E-006
  2.818849269546161E-005
  6.636565930591511E-007
  0.999680444677749     
  2.092246471399019E-004
  5.868628886714523E-006
