   1.85167779770460     
  5.306062008412722E-003
  2.559503601658258E-002
   1.11319394506314     
   795.404101577038     
  -20.0248461823877     
  -27.1809818938878     
  0.598834229750196     
 -0.804603588366672     
   313.665119232401     
  -25388.4963382669     
   628.079534782860     
  0.692778749124210     
  9.782859448101342E-003
   1.02006866333888     
  -8.36624218826100     
   647.731533307887     
   7.05167228151807     
  2.912889958389399E-002
  4.302435544229910E-004
  8.634936213103407E-004
  0.664441117355421     
   27.1787717679164     
 -0.671645792299289     
  1.022641138515044E-003
  1.096283285951076E-006
  2.985016831682030E-005
 -4.516970071034392E-003
   1.95425109671596     
 -2.315920020099559E-002
  8.434857255000827E-004
  1.202349779016350E-005
 -6.361659562826261E-006
 -1.006142841452069E-002
  0.785839880513414     
  0.980295690522588     
