 -9.746471691422857E-005
 -1.437073585038831E-006
 -2.893247030306159E-006
 -2.234556366998319E-003
 -9.070462564066423E-002
  2.241717434475741E-003
 -1.437073585038831E-006
  1.042915257512508E-007
 -4.241188675401411E-008
 -3.313089657926370E-005
 -1.336080415418765E-003
  3.288366860561833E-005
 -2.893247030306157E-006
 -4.241188675401411E-008
  4.040166741831726E-008
 -6.590721931314737E-005
 -2.689116465671776E-003
  6.468752169276523E-005
 -2.234556366998320E-003
 -3.313089657926442E-005
 -6.590721931314737E-005
  0.162580481303475     
  -2.08919069820154     
  5.156194707899429E-002
 -9.070462564066423E-002
 -1.336080415418765E-003
 -2.689116465671776E-003
  -2.08919069820154     
  -84.5332717312349     
   2.09165708858574     
  2.241717434475741E-003
  3.288366860561833E-005
  6.468752169276523E-005
  5.156194707899438E-002
   2.09165708858574     
  4.662329185712187E-002
 -1.809211899772005E-005
 -1.607418758582837E-007
 -4.140671203312881E-007
  2.765905085783570E-004
 -2.773875904134239E-002
  6.003247030146846E-004
 -1.607418758582837E-007
 -4.007390535691217E-006
 -4.964169670806756E-009
  7.206418868004482E-006
 -3.652148480349733E-004
  7.960207942246240E-006
 -4.140671203312910E-007
 -4.964169670806756E-009
 -4.035737302504423E-006
  7.937070738839327E-006
 -8.189649585023137E-004
  1.779474715002085E-005
  2.765905085783406E-004
  7.206418868005736E-006
  7.937070738839327E-006
  -3.13556018350923     
  0.297078107587160     
 -6.147953210200433E-003
 -2.773875904134239E-002
 -3.652148480349668E-004
 -8.189649585023137E-004
  0.297078107587160     
  -32.1745772078374     
  0.637682598617814     
  6.003247030146846E-004
  7.960207942246240E-006
  1.779474715002085E-005
 -6.147953210200495E-003
  0.637682598617814     
  -3.15406317724742     
 -2.469071455691656E-006
 -3.623022418610275E-008
  2.937355658230593E-008
  2.743621072149940E-005
 -2.108847440741290E-003
 -3.306858100255867E-003
 -3.623022418610285E-008
  1.013993737836428E-007
 -1.623844306333188E-009
  1.591260738256655E-007
 -2.960568379120339E-005
 -4.876362933736286E-005
  2.937355658230600E-008
 -1.623844306333188E-009
  1.067174006835492E-007
 -2.168011012886138E-006
  3.596407145172740E-005
 -1.004853844686360E-004
  2.743621072149987E-005
  1.591260738256296E-007
 -2.168011012886138E-006
  7.944587128938196E-002
  2.557904917462970E-002
  3.818152126381555E-002
 -2.108847440741290E-003
 -2.960568379120352E-005
  3.596407145172740E-005
  2.557904917462970E-002
  -1.88402896183405     
  -3.09225821212469     
 -3.306858100255867E-003
 -4.876362933736286E-005
 -1.004853844686360E-004
  3.818152126381556E-002
  -3.09225821212469     
  0.234156607223300     
  3.243912916475264E-009
 -2.782140843773692E-010
 -1.552764579546739E-010
 -3.288093865513103E-007
  1.906278222260752E-005
 -4.761902636320702E-007
 -2.782140843773692E-010
  4.285201444725756E-009
 -9.700903313859258E-012
 -6.194172363988689E-009
  3.594775801112730E-008
 -1.253824565055740E-009
 -1.552764579546707E-010
 -9.700903313859258E-012
  4.309832801368293E-009
 -8.089917872238757E-009
  4.495018190714124E-007
 -1.131239674620915E-008
 -3.288093865513006E-007
 -6.194172363990280E-009
 -8.089917872238757E-009
  3.358637731008837E-003
 -3.995594711632170E-004
  9.737062130995099E-006
  1.906278222260752E-005
  3.594775801112101E-008
  4.495018190714124E-007
 -3.995594711632170E-004
  2.863939124660982E-002
 -6.294078785141109E-004
 -4.761902636320702E-007
 -1.253824565055740E-009
 -1.131239674620915E-008
  9.737062130995195E-006
 -6.294078785141109E-004
  3.373807702287538E-003
 -1.169903466397201E-007
  2.560361744442860E-009
 -3.467180891997606E-009
  1.332062771279474E-006
 -1.085716897329578E-004
  2.685534622737513E-006
  2.560361744442860E-009
  2.518206475475124E-010
  7.571127143424342E-011
 -2.982958767229842E-008
  2.399294132412178E-006
 -5.908192521897675E-008
 -3.467180891997608E-009
  7.571127143424342E-011
  4.878656123977036E-011
  3.925163912676672E-008
 -3.213605040734734E-006
  8.160021028997480E-008
  1.332062771279475E-006
 -2.982958767229790E-008
  3.925163912676672E-008
  1.025072245405271E-004
  1.239764653330968E-003
 -3.054429295402194E-005
 -1.085716897329578E-004
  2.399294132412180E-006
 -3.213605040734734E-006
  1.239764653330968E-003
 -0.100900111434761     
  2.498788447028319E-003
  2.685534622737513E-006
 -5.908192521897675E-008
  8.160021028997480E-008
 -3.054429295402199E-005
  2.498788447028319E-003
  5.610538801811988E-005
  2.721494153747330E-009
  3.189385994630194E-011
  4.395156837841583E-009
 -4.402161580159542E-008
  3.125625046462748E-006
  2.201842944149816E-008
  3.189385994630199E-011
  1.244200346824240E-010
  6.469618496004554E-011
 -8.816140289832075E-010
  4.002169454570238E-008
  2.579751353070355E-009
  4.395156837841583E-009
  6.469618496004554E-011
  3.830162088625185E-010
 -5.095231456014886E-008
  4.115951739588627E-006
 -9.894567635916066E-008
 -4.402161580159531E-008
 -8.816140289832754E-010
 -5.095231456014886E-008
  9.737842394892555E-005
 -4.515404299774177E-005
  1.735551826515817E-006
  3.125625046462748E-006
  4.002169454570206E-008
  4.115951739588627E-006
 -4.515404299774177E-005
  3.344148481188574E-003
  1.250021008240396E-005
  2.201842944149816E-008
  2.579751353070355E-009
 -9.894567635916066E-008
  1.735551826515829E-006
  1.250021008240396E-005
  9.465506231250235E-005
